Sample	barcode-sorting.total.reads	barcode-sorting.read.pairs.1	barcode-sorting.read.pairs.2	barcode-sorting.max.length	barcode-sorting.mean.length	barcode-sorting.min.length	adapter-clipping.total.reads	adapter-clipping.read.pairs.1	adapter-clipping.read.pairs.2	adapter-clipping.max.length	adapter-clipping.mean.length	adapter-clipping.min.length	primer-clipping.total.reads	primer-clipping.read.pairs.1	primer-clipping.read.pairs.2	primer-clipping.max.length	primer-clipping.mean.length	primer-clipping.min.length	read-merging.total.reads	read-merging.max.length	read-merging.mean.length	read-merging.min.length	quality-trimming.total.reads	quality-trimming.max.length	quality-trimming.mean.length	quality-trimming.min.length
Sample_515F-806R-OSD1	85962	42981	42981	291	290	290	85962	42981	42981	291	290	214	85460	42730	42730	272	270	209	42721	281	252	190	42622	281	252	101
Sample_515F-806R-OSD10	160972	80486	80486	290	289	289	160972	80486	80486	290	288	202	158634	79317	79317	271	269	212	79290	279	253	167	79125	279	252	101
Sample_515F-806R-OSD100-1m-depth	98622	49311	49311	291	290	290	98622	49311	49311	291	290	290	97980	48990	48990	272	270	270	48977	334	253	163	48864	334	252	103
Sample_515F-806R-OSD100-20m-depth	33658	16829	16829	290	289	289	33658	16829	16829	290	289	289	33206	16603	16603	271	269	269	16602	258	253	247	16573	258	252	105
Sample_515F-806R-OSD101	77084	38542	38542	289	288	288	77084	38542	38542	289	288	191	73088	36544	36544	270	268	246	36536	256	252	227	36467	256	252	108
Sample_515F-806R-OSD102	243182	121591	121591	288	287	287	243182	121591	121591	288	286	197	230128	115064	115064	269	267	185	115043	300	252	166	114777	300	252	101
Sample_515F-806R-OSD103	84798	42399	42399	291	290	290	84798	42399	42399	291	290	201	84338	42169	42169	272	270	185	42162	282	253	166	42049	282	252	101
Sample_515F-806R-OSD105	61816	30908	30908	290	289	289	61816	30908	30908	290	289	235	61000	30500	30500	271	269	223	30494	255	253	204	30452	255	252	101
Sample_515F-806R-OSD106-sea-water-bottom	82782	41391	41391	290	289	289	82782	41391	41391	290	289	242	81796	40898	40898	271	269	269	40894	336	253	247	40830	336	252	109
Sample_515F-806R-OSD106-surface	58048	29024	29024	291	290	290	58048	29024	29024	291	290	207	57644	28822	28822	272	270	223	28820	276	252	171	28756	276	252	103
Sample_515F-806R-OSD107	57292	28646	28646	291	290	290	57292	28646	28646	291	290	213	56948	28474	28474	272	270	193	28463	270	252	174	28394	270	252	101
Sample_515F-806R-OSD108	92236	46118	46118	290	289	289	92236	46118	46118	290	289	207	90788	45394	45394	271	269	201	45385	257	252	166	45322	257	252	101
Sample_515F-806R-OSD109	59676	29838	29838	291	290	290	59676	29838	29838	291	290	191	59332	29666	29666	272	270	193	29664	270	252	174	29586	270	252	101
Sample_515F-806R-OSD11-Dec-2012	126828	63414	63414	289	288	288	126828	63414	63414	289	288	192	120680	60340	60340	270	268	268	60320	257	252	139	60202	257	252	119
Sample_515F-806R-OSD11-Dec-2013	140806	70403	70403	291	290	290	140806	70403	70403	291	290	225	140184	70092	70092	272	270	205	70079	255	252	186	69955	255	252	122
Sample_515F-806R-OSD11-July-2013	133872	66936	66936	288	287	287	133872	66936	66936	288	287	199	125848	62924	62924	269	267	203	62915	293	252	174	62808	293	252	112
Sample_515F-806R-OSD110	53314	26657	26657	290	289	289	53314	26657	26657	290	289	208	52572	26286	26286	271	269	242	26281	337	253	223	26232	337	252	103
Sample_515F-806R-OSD111	82584	41292	41292	291	290	290	82584	41292	41292	291	290	195	82072	41036	41036	272	270	196	41027	257	252	166	40944	257	252	118
Sample_515F-806R-OSD113	1964	982	982	290	289	289	1964	982	982	290	289	289	1934	967	967	271	269	269	967	254	253	252	967	254	252	106
Sample_515F-806R-OSD114	592	296	296	289	288	288	592	296	296	289	288	288	588	294	294	270	268	268	294	254	253	252	294	254	252	150
Sample_515F-806R-OSD115	10428	5214	5214	288	287	287	10428	5214	5214	288	287	287	10070	5035	5035	269	267	267	5033	270	253	246	5021	270	252	146
Sample_515F-806R-OSD116	39718	19859	19859	291	290	290	39718	19859	19859	291	290	263	39538	19769	19769	272	270	243	19766	260	253	224	19731	260	252	133
Sample_515F-806R-OSD117	112140	56070	56070	290	289	289	112140	56070	56070	290	289	208	110410	55205	55205	271	269	212	55188	306	253	174	55081	306	252	100
Sample_515F-806R-OSD118	97484	48742	48742	289	288	288	97484	48742	48742	289	288	199	95288	47644	47644	270	268	211	47639	265	253	166	47547	265	252	100
Sample_515F-806R-OSD122	122298	61149	61149	288	287	287	122298	61149	61149	288	287	198	115836	57918	57918	269	267	190	57902	317	253	158	57783	317	252	100
Sample_515F-806R-OSD123	62068	31034	31034	291	290	290	62068	31034	31034	291	290	200	61742	30871	30871	272	270	180	30865	264	252	146	30790	264	252	100
Sample_515F-806R-OSD124	106244	53122	53122	290	289	289	106244	53122	53122	290	288	199	104746	52373	52373	271	269	219	52365	257	253	150	52271	257	253	103
Sample_515F-806R-OSD125	92034	46017	46017	289	288	288	92034	46017	46017	289	288	203	87466	43733	43733	270	268	234	43723	257	252	160	43639	257	252	103
Sample_515F-806R-OSD126	96110	48055	48055	288	287	287	96110	48055	48055	288	286	208	90600	45300	45300	269	267	193	45290	255	252	146	45197	255	252	104
Sample_515F-806R-OSD127	80988	40494	40494	291	290	290	80988	40494	40494	291	290	210	80680	40340	40340	272	270	190	40334	271	252	171	40269	271	252	106
Sample_515F-806R-OSD128	153844	76922	76922	290	289	289	153844	76922	76922	290	289	208	151424	75712	75712	271	269	232	75694	306	252	149	75562	306	252	101
Sample_515F-806R-OSD129	94388	47194	47194	289	288	288	94388	47194	47194	289	287	202	88978	44489	44489	270	268	190	44475	296	252	148	44380	296	252	100
Sample_515F-806R-OSD13	128458	64229	64229	290	289	289	128458	64229	64229	290	289	208	126538	63269	63269	271	269	193	63250	349	252	166	63098	349	252	101
Sample_515F-806R-OSD130	105388	52694	52694	288	287	287	105388	52694	52694	288	286	185	99768	49884	49884	269	267	193	49874	280	252	174	49776	280	252	100
Sample_515F-806R-OSD131	59014	29507	29507	291	290	290	59014	29507	29507	291	290	212	58800	29400	29400	272	270	202	29394	264	252	147	29336	264	252	107
Sample_515F-806R-OSD132	65518	32759	32759	290	289	289	65518	32759	32759	290	289	210	64692	32346	32346	271	269	190	32334	311	252	171	32289	311	252	106
Sample_515F-806R-OSD133	76234	38117	38117	289	288	288	76234	38117	38117	289	288	208	72060	36030	36030	270	268	248	36026	309	253	171	35954	309	252	100
Sample_515F-806R-OSD14	105624	52812	52812	289	288	288	105624	52812	52812	289	287	201	99456	49728	49728	270	268	190	49718	257	252	171	49625	257	252	113
Sample_515F-806R-OSD141	3598	1799	1799	290	288	272	3598	1799	1799	290	288	260	3546	1773	1773	271	268	240	1773	254	252	221	1771	254	252	148
Sample_515F-806R-OSD142	41516	20758	20758	291	290	290	41516	20758	20758	291	290	203	41286	20643	20643	272	270	270	20637	256	253	174	20582	256	253	118
Sample_515F-806R-OSD143	90374	45187	45187	290	289	289	90374	45187	45187	290	289	208	88974	44487	44487	271	269	190	44481	312	253	167	44413	312	253	100
Sample_515F-806R-OSD144	8620	4310	4310	289	288	288	8620	4310	4310	289	288	288	8318	4159	4159	270	268	268	4158	258	253	251	4146	258	252	101
Sample_515F-806R-OSD145	114750	57375	57375	288	287	287	114750	57375	57375	288	287	211	108324	54162	54162	269	267	223	54147	257	253	172	54040	257	253	101
Sample_515F-806R-OSD146	73812	36906	36906	291	290	290	73812	36906	36906	291	290	207	73402	36701	36701	272	270	221	36698	261	252	160	36642	261	252	116
Sample_515F-806R-OSD147	129006	64503	64503	290	289	289	129006	64503	64503	290	289	210	127094	63547	63547	271	269	190	63533	264	253	141	63393	264	252	109
Sample_515F-806R-OSD148	70262	35131	35131	289	288	288	70262	35131	35131	289	288	210	67246	33623	33623	270	268	252	33620	262	253	166	33563	262	252	108
Sample_515F-806R-OSD149	86864	43432	43432	288	287	287	86864	43432	43432	288	287	187	81364	40682	40682	269	267	190	40667	314	253	171	40576	314	253	109
Sample_515F-806R-OSD15-50m-depth	83206	41603	41603	291	290	290	83206	41603	41603	291	290	208	82856	41428	41428	272	270	252	41417	333	253	137	41361	333	252	115
Sample_515F-806R-OSD15-surface	133632	66816	66816	288	287	287	133632	66816	66816	288	286	197	126598	63299	63299	269	267	177	63278	291	253	158	63138	291	252	103
Sample_515F-806R-OSD150	82512	41256	41256	291	290	290	82512	41256	41256	291	290	224	81832	40916	40916	272	270	204	40904	286	253	185	40780	286	252	102
Sample_515F-806R-OSD151	494	247	247	290	289	289	494	247	247	290	289	289	492	246	246	271	269	269	246	276	253	252	245	276	253	252
Sample_515F-806R-OSD152-10m-depth	74866	37433	37433	291	290	290	74866	37433	37433	291	290	213	74422	37211	37211	272	270	193	37202	338	252	174	37138	338	252	114
Sample_515F-806R-OSD152-1m-depth	62738	31369	31369	289	288	288	62738	31369	31369	289	288	207	59224	29612	29612	270	268	202	29604	254	252	183	29560	254	252	133
Sample_515F-806R-OSD152-5m-depth	82022	41011	41011	288	287	287	82022	41011	41011	288	287	208	77630	38815	38815	269	267	213	38808	267	252	165	38739	267	252	102
Sample_515F-806R-OSD153	81216	40608	40608	290	289	289	81216	40608	40608	290	289	233	79602	39801	39801	271	269	213	39791	321	252	166	39702	293	252	101
Sample_515F-806R-OSD154	19348	9674	9674	289	288	288	19348	9674	9674	289	288	262	18734	9367	9367	270	268	242	9365	261	253	223	9345	261	252	126
Sample_515F-806R-OSD155-12-8m-depth	22604	11302	11302	291	290	290	22604	11302	11302	291	290	290	22452	11226	11226	272	270	270	11222	254	253	252	11207	254	252	122
Sample_515F-806R-OSD155-1m-depth	51082	25541	25541	288	287	287	51082	25541	25541	288	287	210	49050	24525	24525	269	267	267	24523	257	252	158	24484	257	252	114
Sample_515F-806R-OSD156-11-8m-depth	88340	44170	44170	289	288	288	88340	44170	44170	289	288	186	83714	41857	41857	270	268	232	41846	261	252	165	41768	261	252	103
Sample_515F-806R-OSD156-1m-depth	20592	10296	10296	290	289	289	20592	10296	10296	290	289	289	20280	10140	10140	271	269	269	10138	254	252	250	10116	254	252	102
Sample_515F-806R-OSD157-1m-depth	104316	52158	52158	288	287	287	104316	52158	52158	288	287	202	99088	49544	49544	269	267	218	49538	281	252	199	49439	281	252	101
Sample_515F-806R-OSD157-80m-depth	81822	40911	40911	291	290	290	81822	40911	40911	291	290	203	81364	40682	40682	272	270	183	40672	268	253	164	40562	268	252	100
Sample_515F-806R-OSD158	9266	4633	4633	290	289	289	9266	4633	4633	290	289	289	9182	4591	4591	271	269	269	4589	260	253	249	4583	260	252	134
Sample_515F-806R-OSD159	61022	30511	30511	291	290	290	61022	30511	30511	291	290	220	60680	30340	30340	272	270	231	30334	255	252	212	30276	255	252	100
Sample_515F-806R-OSD162	91544	45772	45772	290	289	289	91544	45772	45772	290	289	222	90440	45220	45220	271	269	202	45213	263	253	171	45146	263	252	127
Sample_515F-806R-OSD163	64520	32260	32260	291	290	290	64520	32260	32260	291	290	211	64146	32073	32073	272	270	214	32070	256	253	195	32000	256	252	107
Sample_515F-806R-OSD164	111182	55591	55591	290	289	289	111182	55591	55591	290	289	185	109402	54701	54701	271	269	193	54690	329	253	172	54622	329	252	102
Sample_515F-806R-OSD165	74210	37105	37105	291	290	290	74210	37105	37105	291	290	269	73862	36931	36931	272	270	270	36927	257	252	174	36852	257	252	102
Sample_515F-806R-OSD166	61242	30621	30621	290	289	289	61242	30621	30621	290	289	210	60440	30220	30220	271	269	190	30213	258	252	171	30167	258	252	106
Sample_515F-806R-OSD167	91118	45559	45559	291	290	290	91118	45559	45559	291	290	208	90604	45302	45302	272	270	209	45291	273	252	165	45200	273	252	100
Sample_515F-806R-OSD168	88366	44183	44183	290	289	289	88366	44183	44183	290	289	208	87004	43502	43502	271	269	206	43483	259	252	107	43384	259	252	101
Sample_515F-806R-OSD169	79262	39631	39631	289	288	288	79262	39631	39631	289	288	209	78388	39194	39194	270	268	211	39189	268	253	155	39112	268	252	112
Sample_515F-806R-OSD17	98596	49298	49298	290	289	289	98596	49298	49298	290	289	208	97408	48704	48704	271	269	191	48694	319	253	172	48598	319	252	108
Sample_515F-806R-OSD170	85470	42735	42735	288	287	287	85470	42735	42735	288	287	208	80446	40223	40223	269	267	193	40218	257	253	162	40148	257	252	118
Sample_515F-806R-OSD171	78430	39215	39215	291	290	290	78430	39215	39215	291	290	225	78088	39044	39044	272	270	205	39034	287	253	166	38959	287	252	102
Sample_515F-806R-OSD172	3224	1612	1612	290	289	289	3224	1612	1612	290	289	289	3172	1586	1586	271	269	269	1585	254	253	252	1582	254	252	131
Sample_515F-806R-OSD173	111122	55561	55561	289	288	288	111122	55561	55561	289	288	198	108486	54243	54243	270	268	193	54234	299	253	146	54125	299	252	112
Sample_515F-806R-OSD174	100420	50210	50210	288	287	287	100420	50210	50210	288	287	207	95110	47555	47555	269	267	205	47552	264	253	157	47462	264	252	105
Sample_515F-806R-OSD175	61086	30543	30543	291	290	290	61086	30543	30543	291	290	268	60734	30367	30367	272	270	248	30359	337	253	229	30288	316	252	104
Sample_515F-806R-OSD176	90768	45384	45384	290	289	289	90768	45384	45384	290	289	206	89444	44722	44722	271	269	227	44711	257	253	146	44627	257	252	106
Sample_515F-806R-OSD177	69710	34855	34855	289	288	288	69710	34855	34855	289	288	208	66228	33114	33114	270	268	197	33111	255	253	178	33059	255	253	102
Sample_515F-806R-OSD178	99530	49765	49765	288	287	287	99530	49765	49765	288	287	195	93336	46668	46668	269	267	248	46657	324	252	146	46573	324	252	104
Sample_515F-806R-OSD18	111630	55815	55815	289	288	288	111630	55815	55815	289	288	210	105702	52851	52851	270	268	210	52839	350	253	191	52735	350	252	101
Sample_515F-806R-OSD182	72048	36024	36024	291	290	290	72048	36024	36024	291	290	205	71752	35876	35876	272	270	185	35868	273	252	101	35792	273	252	101
Sample_515F-806R-OSD183	22120	11060	11060	290	289	289	22120	11060	11060	290	289	289	21870	10935	10935	271	269	269	10928	278	253	246	10900	278	252	107
Sample_515F-806R-OSD184	80256	40128	40128	289	288	288	80256	40128	40128	289	288	204	75686	37843	37843	270	268	184	37835	312	252	165	37753	312	252	109
Sample_515F-806R-OSD185	96082	48041	48041	288	287	287	96082	48041	48041	288	287	201	91002	45501	45501	269	267	202	45487	293	253	183	45367	293	252	103
Sample_515F-806R-OSD186	66926	33463	33463	291	290	290	66926	33463	33463	291	290	208	66616	33308	33308	272	270	206	33301	319	252	148	33245	319	252	100
Sample_515F-806R-OSD187	64292	32146	32146	290	289	289	64292	32146	32146	290	289	209	63546	31773	31773	271	269	190	31765	308	252	171	31718	308	252	112
Sample_515F-806R-OSD187-DNAKit1	24	12	12	291	290	290	24	12	12	291	290	290	24	12	12	272	270	270	12	253	253	253	11	253	253	253
Sample_515F-806R-OSD187-DNAKit2	84	42	42	290	289	289	84	42	42	290	289	289	84	42	42	271	269	269	42	255	253	253	41	255	253	253
Sample_515F-806R-OSD187-DNAKit3	38	19	19	288	288	288	38	19	19	288	288	288	38	19	19	269	268	268	19	253	252	252	19	253	252	252
Sample_515F-806R-OSD19	245764	122882	122882	292	290	179	245764	122882	122882	292	290	169	244460	122230	122230	273	271	149	122221	333	252	130	122013	333	252	101
Sample_515F-806R-OSD2	134734	67367	67367	290	289	289	134734	67367	67367	290	289	193	132516	66258	66258	271	269	185	66231	291	253	166	66106	291	252	102
Sample_515F-806R-OSD20-20m-depth	150532	75266	75266	290	289	289	150532	75266	75266	290	289	216	148338	74169	74169	271	269	227	74151	321	252	183	74075	276	252	101
Sample_515F-806R-OSD20-surface	61412	30706	30706	291	290	290	61412	30706	30706	291	290	220	61008	30504	30504	272	270	270	30498	263	252	250	30447	263	252	113
Sample_515F-806R-OSD21	63122	31561	31561	289	288	288	63122	31561	31561	289	288	201	60252	30126	30126	270	268	211	30117	311	252	192	30062	311	252	103
Sample_515F-806R-OSD21-Dec-2012	137072	68536	68536	288	287	287	137072	68536	68536	288	286	199	128848	64424	64424	269	267	190	64414	263	253	166	64274	263	253	112
Sample_515F-806R-OSD21-Dec-2013	35212	17606	17606	291	290	290	35212	17606	17606	291	290	214	35046	17523	17523	272	270	202	17522	255	253	183	17497	255	252	106
Sample_515F-806R-OSD22	78360	39180	39180	290	289	289	78360	39180	39180	290	289	211	77362	38681	38681	271	269	261	38671	260	252	174	38607	260	252	103
Sample_515F-806R-OSD24	50700	25350	25350	289	288	288	50700	25350	25350	289	288	210	48392	24196	24196	270	268	190	24187	267	253	171	24124	267	252	106
Sample_515F-806R-OSD25	61628	30814	30814	288	287	287	61628	30814	30814	288	287	198	58482	29241	29241	269	267	267	29236	310	253	250	29168	310	252	108
Sample_515F-806R-OSD26	46912	23456	23456	291	290	290	46912	23456	23456	291	290	213	46576	23288	23288	272	270	193	23282	281	252	136	23216	281	252	101
Sample_515F-806R-OSD28	31448	15724	15724	290	289	289	31448	15724	15724	290	289	207	31092	15546	15546	271	269	269	15544	257	253	249	15525	257	252	114
Sample_515F-806R-OSD29	39758	19879	19879	289	288	288	39758	19879	19879	289	288	178	37708	18854	18854	270	268	158	18850	258	253	139	18812	258	253	139
Sample_515F-806R-OSD3	115644	57822	57822	289	288	288	115644	57822	57822	289	288	191	114262	57131	57131	270	268	241	57119	258	253	171	57016	258	252	106
Sample_515F-806R-OSD30	62140	31070	31070	288	287	287	62140	31070	31070	288	287	200	58752	29376	29376	269	267	267	29369	338	253	175	29302	338	252	108
Sample_515F-806R-OSD34	42004	21002	21002	291	290	290	42004	21002	21002	291	290	187	41736	20868	20868	272	270	193	20860	254	252	174	20818	254	252	109
Sample_515F-806R-OSD35	45860	22930	22930	290	289	289	45860	22930	22930	290	289	201	44970	22485	22485	271	269	223	22477	259	253	166	22428	259	252	100
Sample_515F-806R-OSD36	46408	23204	23204	289	288	288	46408	23204	23204	289	287	201	44324	22162	22162	270	268	204	22157	290	253	163	22101	290	252	115
Sample_515F-806R-OSD37	50410	25205	25205	288	287	287	50410	25205	25205	288	287	185	47726	23863	23863	269	267	267	23862	281	253	250	23831	281	252	101
Sample_515F-806R-OSD38	57078	28539	28539	291	290	290	57078	28539	28539	291	290	222	56738	28369	28369	272	270	202	28364	261	253	183	28287	261	252	102
Sample_515F-806R-OSD39	24548	12274	12274	290	289	289	24548	12274	12274	290	289	205	24112	12056	12056	271	269	253	12054	255	253	147	12029	255	253	106
Sample_515F-806R-OSD4	94298	47149	47149	288	287	287	94298	47149	47149	288	287	203	89590	44795	44795	269	267	240	44782	267	253	221	44708	267	252	102
Sample_515F-806R-OSD41	4324	2162	2162	289	288	288	4324	2162	2162	289	288	266	4146	2073	2073	270	268	246	2073	265	253	227	2067	265	253	171
Sample_515F-806R-OSD42	9832	4916	4916	288	287	287	9832	4916	4916	288	286	222	9424	4712	4712	269	267	202	4711	259	252	183	4699	259	252	165
Sample_515F-806R-OSD43	53634	26817	26817	291	290	290	53634	26817	26817	291	290	192	53326	26663	26663	272	270	193	26660	334	253	174	26608	334	252	101
Sample_515F-806R-OSD45	51998	25999	25999	290	289	289	51998	25999	25999	290	289	207	51254	25627	25627	271	269	202	25621	265	252	166	25571	265	252	103
Sample_515F-806R-OSD46	32592	16296	16296	291	290	290	32592	16296	16296	291	290	271	32402	16201	16201	272	270	251	16196	337	253	232	16150	337	252	110
Sample_515F-806R-OSD47	56566	28283	28283	290	289	289	56566	28283	28283	290	289	205	55812	27906	27906	271	269	185	27898	272	252	166	27854	272	252	118
Sample_515F-806R-OSD48	35402	17701	17701	291	290	290	35402	17701	17701	291	290	249	35238	17619	17619	272	270	270	17618	255	252	249	17590	255	252	102
Sample_515F-806R-OSD49	51902	25951	25951	290	289	289	51902	25951	25951	290	289	289	51122	25561	25561	271	269	269	25557	257	252	243	25529	257	252	159
Sample_515F-806R-OSD5-1m-depth	79966	39983	39983	291	290	290	79966	39983	39983	291	290	201	79634	39817	39817	272	270	182	39815	270	252	163	39736	270	252	119
Sample_515F-806R-OSD5-75m-depth	104448	52224	52224	290	289	289	104448	52224	52224	290	289	199	102764	51382	51382	271	269	260	51376	308	253	186	51314	308	252	102
Sample_515F-806R-OSD50	43672	21836	21836	291	290	290	43672	21836	21836	291	290	220	43444	21722	21722	272	270	234	21717	257	252	215	21667	257	252	106
Sample_515F-806R-OSD51	34678	17339	17339	290	289	289	34678	17339	17339	290	289	202	34224	17112	17112	271	269	204	17108	255	253	185	17067	255	252	103
Sample_515F-806R-OSD52	67880	33940	33940	291	290	290	67880	33940	33940	291	290	207	67484	33742	33742	272	270	219	33738	259	253	200	33647	259	253	102
Sample_515F-806R-OSD53	94740	47370	47370	290	289	289	94740	47370	47370	290	288	198	93232	46616	46616	271	269	193	46598	256	253	136	46502	256	252	104
Sample_515F-806R-OSD54	72982	36491	36491	289	288	288	72982	36491	36491	289	288	201	72156	36078	36078	270	268	211	36071	263	253	166	36003	263	252	100
Sample_515F-806R-OSD55	87238	43619	43619	288	287	287	87238	43619	43619	288	287	201	82268	41134	41134	269	267	257	41127	257	252	166	41046	257	252	105
Sample_515F-806R-OSD56	58942	29471	29471	291	290	290	58942	29471	29471	291	290	206	58692	29346	29346	272	270	190	29340	314	252	146	29283	314	252	101
Sample_515F-806R-OSD57	77740	38870	38870	290	289	289	77740	38870	38870	290	289	207	76506	38253	38253	271	269	223	38247	258	253	158	38169	258	252	101
Sample_515F-806R-OSD58	88528	44264	44264	289	288	288	88528	44264	44264	289	288	202	86698	43349	43349	270	268	190	43339	309	253	171	43257	309	252	102
Sample_515F-806R-OSD6	128082	64041	64041	289	288	288	128082	64041	64041	289	288	190	125208	62604	62604	270	268	252	62588	278	252	151	62481	278	252	105
Sample_515F-806R-OSD60	83612	41806	41806	288	287	287	83612	41806	41806	288	287	198	79016	39508	39508	269	267	178	39495	304	253	159	39414	304	252	101
Sample_515F-806R-OSD61	58500	29250	29250	291	290	290	58500	29250	29250	291	290	206	58144	29072	29072	272	270	270	29063	309	253	188	29017	309	252	101
Sample_515F-806R-OSD62	104578	52289	52289	290	289	289	104578	52289	52289	290	289	206	103046	51523	51523	271	269	252	51512	346	252	167	51418	257	252	103
Sample_515F-806R-OSD63	86556	43278	43278	289	288	288	86556	43278	43278	289	288	201	82678	41339	41339	270	268	246	41330	254	252	227	41249	254	252	100
Sample_515F-806R-OSD64	73080	36540	36540	288	287	287	73080	36540	36540	288	287	193	69292	34646	34646	269	267	257	34636	258	253	137	34557	258	252	101
Sample_515F-806R-OSD65	67660	33830	33830	291	290	290	67660	33830	33830	291	290	220	67324	33662	33662	272	270	244	33658	272	253	225	33592	272	252	101
Sample_515F-806R-OSD69	89602	44801	44801	290	289	289	89602	44801	44801	290	289	201	88226	44113	44113	271	269	207	44104	272	252	188	44032	272	252	102
Sample_515F-806R-OSD7	119172	59586	59586	288	287	287	119172	59586	59586	288	287	200	113476	56738	56738	269	267	202	56724	330	253	183	56596	330	253	104
Sample_515F-806R-OSD70	68588	34294	34294	289	288	288	68588	34294	34294	289	288	207	64932	32466	32466	270	268	257	32463	274	252	146	32406	274	252	110
Sample_515F-806R-OSD71	82648	41324	41324	288	287	287	82648	41324	41324	288	287	190	78300	39150	39150	269	267	267	39146	280	253	171	39052	280	252	104
Sample_515F-806R-OSD72	64754	32377	32377	291	290	290	64754	32377	32377	291	290	202	64452	32226	32226	272	270	193	32222	255	252	146	32157	255	252	110
Sample_515F-806R-OSD73	68504	34252	34252	290	289	289	68504	34252	34252	290	289	223	67660	33830	33830	271	269	239	33825	257	252	166	33772	257	252	112
Sample_515F-806R-OSD74	86564	43282	43282	289	288	288	86564	43282	43282	289	287	190	81296	40648	40648	270	268	225	40634	271	252	137	40540	271	252	101
Sample_515F-806R-OSD76	389016	194508	194508	291	289	179	389016	194508	194508	291	289	168	382290	191145	191145	272	270	153	191132	328	252	134	190772	328	252	100
Sample_515F-806R-OSD77	37880	18940	18940	291	290	290	37880	18940	18940	291	290	208	37652	18826	18826	272	270	193	18825	254	252	174	18791	254	252	113
Sample_515F-806R-OSD78	78336	39168	39168	290	289	289	78336	39168	39168	290	289	208	77240	38620	38620	271	269	203	38610	257	252	184	38538	257	252	108
Sample_515F-806R-OSD8	78320	39160	39160	291	290	290	78320	39160	39160	291	290	241	77872	38936	38936	272	270	223	38926	257	253	174	38847	257	252	101
Sample_515F-806R-OSD80	45056	22528	22528	289	288	288	45056	22528	22528	289	288	207	43036	21518	21518	270	268	198	21515	254	252	179	21486	254	252	100
Sample_515F-806R-OSD80-2m-depth	98298	49149	49149	288	287	287	98298	49149	49149	288	287	206	93116	46558	46558	269	267	267	46549	273	253	251	46429	273	252	100
Sample_515F-806R-OSD81	68328	34164	34164	291	290	290	68328	34164	34164	291	290	206	67932	33966	33966	272	270	227	33963	257	252	142	33916	257	252	100
Sample_515F-806R-OSD90	115906	57953	57953	290	289	289	115906	57953	57953	290	289	171	114362	57181	57181	271	269	193	57156	259	253	148	57035	259	253	105
Sample_515F-806R-OSD90-melted	84244	42122	42122	289	288	288	84244	42122	42122	289	288	208	80802	40401	40401	270	268	190	40409	269	253	171	40277	263	252	101
Sample_515F-806R-OSD91	77822	38911	38911	288	287	287	77822	38911	38911	288	287	242	73884	36942	36942	269	267	267	36932	306	252	164	36848	306	252	102
Sample_515F-806R-OSD92	86798	43399	43399	291	290	290	86798	43399	43399	291	290	214	86150	43075	43075	272	270	209	43070	281	252	190	42957	281	252	103
Sample_515F-806R-OSD93	55338	27669	27669	290	289	289	55338	27669	27669	290	289	201	54646	27323	27323	271	269	193	27316	256	252	174	27268	256	252	110
Sample_515F-806R-OSD94	52258	26129	26129	289	288	288	52258	26129	26129	289	288	202	49648	24824	24824	270	268	255	24820	257	253	236	24760	257	252	120
Sample_515F-806R-OSD95	91722	45861	45861	288	287	287	91722	45861	45861	288	286	201	86096	43048	43048	269	267	190	43035	296	253	171	42953	296	253	113
Sample_515F-806R-OSD96	1320	660	660	291	290	290	1320	660	660	291	290	290	1310	655	655	272	270	270	654	309	253	251	654	309	252	187
Sample_515F-806R-OSD97	18186	9093	9093	290	289	289	18186	9093	9093	290	289	262	17902	8951	8951	271	269	242	8950	260	253	223	8934	260	253	105
Sample_515F-806R-OSD98	64750	32375	32375	289	288	288	64750	32375	32375	289	288	201	62094	31047	31047	270	268	268	31040	314	253	247	30994	314	252	103
Sample_515F-806R-OSD99	28762	14381	14381	288	287	287	28762	14381	14381	288	287	277	27616	13808	13808	269	267	257	13804	270	252	238	13779	270	252	122